7777777777777777777777777777777777777777777777777777777777777777777777777777777777777777777777777777777777777777777777777777777777777777777777777777777777777777777777777777777777777777777777777777777777777777777777777777777777777777777777777777777777777777
7223467899999876543322222222222223344556666666666666655555554444332221111122222222333444555555555555555544332222233444555555444333333333444444556677888887665433333332222222334567889988888888887765433222221100000000122334444333333222222221111123345678888777
7247999753222222234566666665554432211222233455555555432223455544333344456788865333322234689888887643221000012344333222211235788733333333444444555667788877654433333332222223344567788888888888887765433222221110000001122334444433333333322222222223445677777776
7379963222234666665544211222345555542234554333446787533222479888753210002443322113588734353545455576857544323222223445768685848373533323140404152546473736352322223253737363345566777777778888877665433222221110000001123344444444333333333333333333445666666666
7499522224666654321223555542245433446885332369887421002433221378333344455678764333322234678888887643221100012344333332222245777733236337347448447554562551440320223234334443443563663774776776777655432222221111100011223444554444443333334444444444445555555555
7696222466654312245554245433468632259885210243221487343345628254332324538384835223130425453535262643766525327117428455672771450322224334443453443444746476335222222213340444255555664666366747774654432252225111111112233445555544444444444455555555544444444444
7793224665421235552354346853249873102432158333445787433223478888753210012443332223577635677778887643221100013444433333333345666672522322131404143543434333364141414252545555555155553555556667466654332252221411114122334455555555544444455566666666544333333333
7872246654123554254347632588420332148235427264332356838343210136353322447445337348334742450523634663563574226030423227780887453342623237431444335222221222145111417224453656662454444444554666665554334222226111114222343556666555555545556667778776554322112222
7952266531255425346832687202321733445774332368887421002433322477326337447552540223334443663776777542221110123454443334444445555535125233335446336423115111541002054225455674664246436315453563666544522211252222228223344256666665555555566778889887653211111111
7932465412552443673298302323843556743235858333042636223373567788753210013444333333566625252716443637463547114020525157523958647462422625131343234256505040405060616244353737765524333363245566664544222251122222622223347566666616555555566788999987653210000001
7922664125525348329820421833468532258885210243322476237148562740224343543476735222130425564636474542525111123455444444555554444403225635734325336214503063604000143224568776466164335333545572669544526211121225222223349566666660555555667788999987653210000001
7923652255253562683042273356642466833205413123726318423740004003643476352443084357333745452355615619566534212050521463865988764442326134533363332215004025700000622234555752765584336333145555265544328261122220225223445566866666555505566788999987643210000001
7924641352536529712318345843248873102432257367787421003443333466752211013444334444555555553556646532521114234555554445666654333367432513232386304662605052556082917236151615665258439336461250555547325292222322250233445566966666555550566778889887643210000011
7826632544355285042635524325845405452263217145230524423476005007144354644444535317335544344644541543255464225131123457764377666423730334633333376111004026306111216234453662665524447444455655252443326222226223323334446566666666552555566677788776543210000111
7726513524462840318347632588420333247437434440264653726343270843463341435221215147243562544454665534226114233566555456678754212264345442831353231210002009353122620335443495552565550535555955556443320222228233634344450566676665555555550666666665443211111112
7626425453829503173584248453053523657785210244333466522304554667442251123554444555444432535440536344343345023244836464425432562594456516135327349165600051517283937336040314455596666636555174449436422202221333845444555666616665555555555555255554432211111122
7526325236367031345732687202332736347550234463777421113543344455315335436215151004245764446143666452122228234566655556789863111166265059434265225613009002612333355339446345445267779766651440443338622222253344446455555166666665555555554444444443332221112223
7436245547281417417026821446266638471114403176331844533741005002356111511224365470446322513611122275722262332353834446441555569647672651432292262100001001926344444441338633345547781877665443333331622222233344652555556666666642555555544443333333222222222233
7345152463932283573388302323757873103433356222143343414255553567642211424555445666433375233625664422512262237666155556899863100058775527232202365565606054056485937432030612344527895907465235535335122252236245451556663666646625555555444333222222222222222333
7355253382803635703083013663378750133106703104343271545121004006141030614123313567445221206300005142614225335424044442365244565708285764032251125100004003322455452444335232334648895928765533335222225222235445266666665666626655555555442322211112222222223334
7264255439241348328820432727452424453775210254344455113544455544025374236153664013258746635355769456111222239666655567899863100034289566435227169104500041628454255536326225535165995994561641224222326212233445566666662666666652551555443322111111222222223334
7264344728028574268306327578420343346037073237145212517436244446544261423665556786422242502115351105219235230454345325500554555768380024833241450260605053560465655435121223233358991998766533622222225262232445552666662666566655553555443322113111222222223334
7262523663423562683043276143404063732404533442565156322551685874436353632104270062355575836315525438612225245686655056899863100068688362430262272115006042633455612445325265234548896998265335622222222262233443515666666666166655555531544322111111122222233334
7261544380274234820132727420273776321234311251335141431450104001443010402124023552541422115111144220532343442404542433345034553768580563633252214115115174133445555441327155234527895988765235533222223252233445535666666555355555566663554322111131122223333344
7261556272135428712327677203433672103434455553566351124554466533642122834665556897311165549341555435922220345696655556789863100133882525334263535561615256514445473426122135234623892952362332133323526212243246553666555255155556666613654332111111122223333344
7262548523838354243675142524546323454674511354445444225623213105164074105146654516252641620551769456051525556505244516250233255625076665235315225223621222532444155443226125634567882887565435231332225222234445552665556555255556667737655432113111122233333344
7262435802354285042627420243705014564455135434451425625313574766270363336104236126343665247445522436226233346666652556778753100147273265643393324339332324941444584332215162123857783887565633235332224252235444526655554555555565672777765432100011122233333445
7252233823363583263378303433652637374057387225134650506437543356442122237666556897300183537524245657674764557525042346735273555657572324645313633363645453544434252322212132123566781837655431335333321262233441455555551444445531778888761432100001122233333445
7253242438462840327344424576420443445225423654565326123655568522635481521102033260343952650355556430228364440666655550666643111162975251447333392342446452265446522325115813124252773822552143335336223252231443652555553444414563778888873432100003112233333445
7254464224644425365752073405265635025704472662124222505251226222515042205121425563552144535235515829195852764515544132235122323556374353544333344443454544343443433322114000123356778737555443336333322262233445755555557444444586788999876432100001112233334445
7245589013828503267820433652054642513544544355456433403486645352946115239660557897300145966355749342021385455666655555525542111246266625345363622462652513553423151325213243528216776767155435731335224232254248053555550444454503788999076432500001112233334445
7245468375548435768743076306466655046704474670023501605020225225105051501121555514555245135555521859295916765535145332261223336526465654245463442446555524645444255322112001125526775756255444332333422232243445354555553444444536788999376432103001122333334455
7235337335367032337524677213434535346111025646466512224665579611625544625109062335346445679661443362223446555666655554444432212262562562543453453445451543525446455331215516126553671761652443444330622222283445560655544343344550788898876432100011122334444455
7325323236263533683043362347352559642013584264332545002452546355548120535666556897300189832509242852692935572656555143856383535626272522353454646265645454124424131323223245232715664676352558542443820242293444569665544933034486678848876532111111233444445556
7325421147281426341143731453405036151235746253112772632584441559462542922001096444438335471765433362223462556666455554433322222356673263553515563041444444105444113444331522333145564616553551553545133222213455465665544133233415677881776543215122334455555666
7414450444530545470354320567421444544564214465468512332555242455655193510255543524254552625456666845192993881756366532526444652656875265165623553342542434256555525547442313545245553525854642660554139232215455661665544222223325667783766543322223345566666667
7412692853832277713336213444553662144545643723264252627615589610575222035666506897300134285045355312526441563666255544322222222331376321366633645853546463354525131524343548447323440431543373874656334202244256684766541422162344567775766543532333465667777777
7522884272824247514170424640275710255721576604246343046404256524056204516235046555546635016115466886696936986868486646666666566647676775475757665554435344455556565655554555554544434344564778884665434222233456673766542221112234566777666544333344556777888887
7523883373803638513073033755204011364233645226005464235204435455025602515004032542435334485275335225225426665666555542221122223347275773476737726354437332532566468665668256558663338324588688988762438222237456377766547211146234456676666554443445567788888888
7624552545552375043657444457544413545137476304336146616432547455236263346666256786300172315232324793294912494926592231763477523757274223574867524354535324735626061623363652656453326334556389296765436212236456746776546210006223456666665554444445667889999888
7625321438242242243720534513445405726564128465579511229665689610329645219050468525336255695951424236123456662666551543211122223345571376171853751652533344430665280644660628450333320261923244290761231242275457712776542610003127453666664554444445667889999988
7635315235115131305017315138274728414747264632553425353234563654323344223353453533543322412143442783492934992946292427772777242736472774472848772454532364442666462664662646662443322334542889492764433242234456775776545211016223457666667554447445667889999988
7634208728037740436303315157324454643656842452131029320535250555630283440665550665311223591976362225622452662656553543213122223356663425173727573544433381843627073729373358664184334344534189794766445222335556266766547211648234458666669554449445669889999888
7643323233213142412122425342663662247623464674256547658458464648448338533335357557252536226226462786696916881867187617775776156616562665377757764543535353456677477764776747766454434344547788488774543343344456664665543322122334556666665554444445567889999888
7653643663426444672053455532565746562020635786155362225865589610668640622106463562435624486925362222623455666616555354211112223352551564463745612448424263045676344740778728578213441442414285188770553404444057646655514332423344556694665544433345567889999887
7653933483337504362447213445425064353464522466579501737604566654962213545665555554211263645254352722283835371755373583646374565515544321468634530642423285966628051826384558477515554565747653482773655575557355454555545433484495566666665544833344567889999877
7654824380377223731331535441514043142203551215114252442052335353650663524115713455437524285875353223523455666535556654211312233467743648566686645937529255495788986854885886587846667666677676777776667665555655586554464444944556666668665544333384567889998876
7654824384228363734444636453625263166403753557165672562751577751462542653545353543453443363633633774375733663537467347663668447447435344556646557432714183448788499985988858888587665666757777577775776656666554445444455555555555666656665443333334567889998876
7656715272267043713345556514546362284656931659455392235965579610382234655665554443212324282532313256123453655515566164311112233444022820355507554033410184836726051921494757887284772724736477377774374747766754469444445856366663666639655343332334567889998876
7657447346434564483242113446324555752341540535263750375430274750645665451583259533862283272726725775271622553424254234662664424363228332157512543122411142424789299943994939593458776777652777673776776867774654436334469666666666666666655643326234567889998865
7658288523712256244751545425223014715464122460579501256024120325206625125261252415426264682855321325224452656525567365313112333425324633259534540321213125231789484944992954498608777777687754874779674898778956439334493666966669666696655943329234597889998765
7657177616681436143152611450623125222346159721222011644183571753312234256662554333222364373634543714464654453444152434564564341333523325355553534532315173156739592946595069488748777747577767876778477887776854638334485666766637666666665643326234557889598865
7645034802240475154515341265154620636026233627452326336662578510423663934332291454325613573855325324525456554555662775310112333456625236455568576334621236457787766970882806686765874776578249874777475747766545383334455666677775778777665443322234567889998876
7533043302320222131411232220200020332431252523463754375745774775555555845494644464946583663664666654664655555446556556555546547357336348658668556449629369457788788878876777677758885888577747774777377737663543332333455667777777777777665443222233457789998876
7523233823733362334537214556353542227656930857225564657202475755552265163665554322222313671365335331623445551445378871310012333447644821456649661729244472576738263755767575367448885898448755685775965636655734529253454667757784777777764543822223456789998876
7522432343174433572154545634624064556424625486079401672264166635625361536363642362435462145532351523254557454515445343364334449434440656264625661653154516260778065706556575156647884888988856383777664595557438626273447677377778888878776543221223456789998876
7522342437444740445243555213558265851003633560556328640665566411695547332446525452215114573252435323521462553444678883310012333456658454165728744764362635562676267626443748346645889946588459886873659564463338726273448877737888888888878543211128456789998877
7532353333803634315146104337516052455442545854215043252452485853525255665665552212223470523261736345742423658555846382338646838587268628776778647719674769676647365575838882634567896989699369996878652464436222811172347677888888899999877543211123456788998877
7544264235503025305042614255526255425245652455355215574154325233534554334444433443214013578355436332623475557444878986310012334486368367777778777883688868476667657566326114634767896969699965996876654363336221611162347678788888998999876543211122456788998887
7557227126603075405054806174624274448534865686377727777668265528438147503067207026712176216126623365335435553534343333103013334534663775476747784888498958875668558457215007527547894999499949994876444343324211411142344678488849994999476543211112356788998887
7459188027243504453454546343865596129657930496579401845665555411426235662662153211223458176615371324324403550444078906350012334404171724577725602806397937674645465474919786426934893935368739692875647393316717288122342678168819991998186513711112356788988887
7458328147704086405054805173523263546544665666376737577648254528338128402067207027712177117116621366136315441534144314101014134514772775376736784887597957876668658468216009529559895999599959995876543353325211511142344678488849994999476532213112346788888887
7448758378406046506044703065225215551255155415551525175315321236245525642455265425212015275525432342323434553444378936313012334537564277577767776782797987378667848488228109829689888969899986998776843382268211816182348678888888998999876582118112845678887777
7448848678036737527646413566222515950455045804310053055513381863225225262665353231223463325434733248321332743498338549424849459548665923566667667517894887649647945596929189925699789859886684188765847282228222895183458678888888888998876582118112845577777666
7337337337267144336105446124659165465002336469643623455665544322652653543441455445325116561662444362223450554434578986310112344568768362667627667673884886484764655553336326236654672775778888887662832222282222221223456878888881888888765432110112234555666555
7335335525245464154424344674314024657523223466568401255292332342512162803162252453446553545373420223315264326345632335621674556574960563056575554676789888877777475657433268536466665666766745872654636291126222272233456778888888887777765432100011223444444444
7233323363432432562154632402556558255656930882022562352555486855222233566665514211223422164732552480423459654304868486311123445583063645447466544626374767485747385674949372334634557573873367862546822111192628328334556978188887777781654322100001122333333333
7232332332342332312032301031401051512262632362652662652352512152612162612272752672762662652542432132302132412152522362752572752663664555445336447567678777777887886765554444443443443443552562662541221111112223333344566778888777776666654321100000111222222222
7241421231471545311376512762841542492006448341643623656645543222563653153444415413431233454153553413223545654323167876425234555664064447435346326154668776406883235777653746446384336335448558552436212002121223847445566178888717666661554321105000011111111111
7140440270361411511041302432125140232423543803324554355175475855323235566555634211233475368665635174905055806046526376697566766676657655535364484444466664875843384878958562441481337331341852952432218093013233489445566778887777666666544321000030000000111111
7140450440530641454624648132522565950553224565566412981536356462585615253452326555442155453284460519325561654223267876432235666624756634436265389756869688663882669836666631441971338361846255551432518093057239845445568478817737666552544321100000000000000001
7150531441451432312132303033203023213114124324255525346336306046406156516365775875785775665665535155505055506066726376766676766665555545334334334454664664774883883873663552442432332332342453553433214004115235445445566777877776666655543321000000000001111111
7162582773323453614463224567159155205656930325435156453625432222336236365556634211233447240353784534024564651212457776452345677773454875634395455669663665985835284777958567447824332384288258156436826116186636578456562777047766666603544321100000001111111111
7174634454444425225116116116116116026206036316156526346346406046416245435455575854584744454534333123203032412251631480870781861572742463544455546556666666776887887777557447448338338338348458558448328118228338448557557666666666666666554321100000111222222222
7284784454744425125256026406026206056306556306146866396646466656466745565545445555554554444454784644223563652212356766433456788882743464644485656966666666797787787767547448338438338338348558558448338228338347457557557556555566666666554321100001122333333332
7283843524634414545335445646210196156546035565555312245365472755125245256556775231233456453496430116305115934444254683877673754444934585856595473666669667675737944778948458438319339329948658951558547397347447057556556446346505666616654321101011223445554443
7283783353703524134365205625045505055002445345735225265655421223425746376547352648668558638258898648227537657116346766543457888886826376756686686966666666298777877668448859338524331374458458558557557446446556556556546436316446566666651322100011234556666554
7262633343383314564165725535325565940435655565155555945425305065551513273747567948488649049449468148211243455627576646876986366346824376468766779576766626367777787658438229229529338339849558458557551586551556552555443336026346566707654432100112345667777665
7252452703544554155346036466357526636626830735334924144252373753524254654555275201233566536356826646126576756106246665544467899845715875665835435665765685765735234676938267226236336336486856755665664604664364634653444224224334561774655432110112345678888765
7231322323234315046507058518258538458557556555454543443342402042442642582852692962682672732382822182813283863774784964694964654364714284874883883783863673763773773653333213223223333332442552662662662661661661661651431221111231562772662432110112356789998876
7231322423254145076618659129669139429548236565544313562651421223451711571553440620460240330693420621425572752103243664544467899864413883273863862686769686782772282521321201521981331383828848460660360760755660630650430010110231560770660430110112356789998876
7233333833274775406736227667037457447526535724533353442222361751531231551451881201233571431961981191412263863854785575875985855355515964574894384774764674764633223563938263222862332362642552552661761760760660460650430220111211561772662432112112456789998876
7335315335135324244424353233353533423543353242442842392422272722342742472552642642662462432352842643424575755106247667547467899857517267767837777277667567527657266546336226226236336336435555554663662761771660660550441221222343564775765436116126456789998876
7328237336335344443452541540450540350430341531351622242312112112242633483853683863673673743483934294925386867757478839299929259339419259669769679659559549459539359539339228238338348448448457555564673772771660550551441332223345666777768439219129459789998876
7328207446035534563582511230320560840650631251732262562553423223563213253443883203233564834454874645235526657168348669549469899869319649358668378178748488868438128468938378338588448468777147646554673702771061360551441332013454676787768438218128458788998876
7427246746475554733272541661911241351631232562543223653414014104154624174754565625465545255285555436546507757577468718098808058328617247456636576445435355236316036326247847647487447417647436445454173712771651141441441442442513674885765546226226456786996876
7433323442245463627244726468544448353337522326242866181617175716152637574455546747676476544457848753434564653212356665544457899822523245444545444443324232242222522325243464445655556554454333434454677838776455444444445555555666778888776543322233467889998876
7444455235555422425162525153245559524542523643434344333240368753632235557446896201234565867376877636868665747464654448776998965362624337641414237382818181916131112263848575555465555565543336335445777868876654633344456566666677788888876543322234567889998876
7563646462545355452265815625659168462043645246232263566155521123551643462444605734478258141444818753044566554343456965443457899853623247838376332738301022283023886231348587566812660551553023323342470818866251310334455666177777888882876554332334567889998876
7585757565655443413030314243536373728181919284868787767472717172646556564545343333343546465667677878787785848383848688898988867462625243333333323130303030303030303133354646565666666655443322222345678888876654333334456677777788888888876654333334567889998876
7593837032423445633652659077056592155655521665532223331533866755154248350443896201234547154677542765757544555344956665483457899725527134637385262885809016886030192167858575665706666645063330620344071818831357034334462677757789888888276654633334567889998876
7585857577635644166331313545323565740122919292865786863522316154637516263544243369344243466962652876784776849383448761963797645472627845333363328230302078373030806137456615566256564655442222023345674888871554364334458677777788887888876654333334567889998876
7584837271355454412051114542535560654173547225733253566356521123673456865359545896585857467667777767655556544494566665433857898774728757433385382932309043894044816148447566455552450540460121623347671878876744358334486677877788888888876654333384567788888776
7585858366656440315055511154555519565552136654532654545221565654232235453446896231234576477277776727777684738282839797968897976382623626821262228186818181916121872253847575453435353524043332331445377848756544736333458677777788888888877654438344556778887765
7584828674466565616073515752557542463433443433363735363347463647445456457374848849898588865677757776566545445555566565433357898785426265525252525552535352555252425253534434343324243424233333334454677747766444334333455667577776888868877655443444556667776665
7585868374714463626065245624514244365632246665531224263533327233425353638383962228437547174577563665858485726139829498926292941384828268529255571355549457437363435355536443433333236303633434440554363767664543732333458667777778888888878655444444455566666555
7575727473456156624591545925659132365654422222333513565156631123402235054340886201244587872276737734476549445536666365432357898774222822222215336188851586885425072340526656425032220230301641055550565606675646388233425866277773888838877365544444445555555554
7565666656565553424141424446483838383827272727272737363533333332324141515161616161626476787877767473737372717070717274757574746362524242313131323445465656566565656463625151514141414142434455555566666666655443322233445666667777888888887665544444444444444444
7547444643413434572450323535324565641829382822275721253224362644628317153241444829494353576762763776674546349666666665436357898683628225212152238536375751546665357462616510607041610162623166365664667656552543825233468566637776888868888565554544444333333344
7536333327292344252265805667092922252653635622346554441335254628230234954346886211345636385677654369427256705040902848467433387322622913218181426388887875134626061523313036707600801042137572365666761675584438628233444866366787888888887766555554443333333334
7528272524555223175612659026210226215622146662531224566257633133234329350223221844492548077767584764978549343696666965439357898624921519019195081915289847880765656563710016306012801082734444660668567595556938379233493566966779884888887766555554433333233334
7525262626262524221111132527292929292929292928272726262524232322212020202020212121223436485857657372727271606050404233343433232322121212110101121427383848576766767573717070708080808081837576666666565555554433322233445566666777888888887766555554443333233334
7517161313561563222419222164851532326654322633353144543412354631353235554335716352455648477457686747876568345676366665436357858622622226113172586781887868174716500513111210606160601011626561465655264565434633726233465466666756888865887566554554443333433334
7505151515151413222222232527383949494949494948474646464544444343424150505051525252535556575756545352525241403030302223141413132322222222213131323437484858576766666563616050505050505051434546464646463535353433322233445566666777888888887766555554443333233334
7404020714131614266223242236658143694321535153535255554562730133565345656361347876782066684758484745476433345667778765432357898722223736814185455746480854546765644562513011406833300033337738763636866535387436383233447866666777885888887766555554443333233334
7404050407144445822525530534425665231662642655533224655723553542049255154235736323566745654664559266918136209068601415158812635315228538719155578484787866244716000506010514403200304041836545268628568595266423386233448566866747886884887766453554443333233334
7303030211122220232322243535474755585964696863666564555456555457536468656469647878786767585857474737363432345677777765422347898722323240414142425455585856575756565553515040404030303031333536363636363535353433323233445566666777888888887766555554443333233334
7312121221213232333333444545465657586869696867665555555555555454525150505153555656565554545443424140404040404040403233343433334342425252515151525457585858474746464543414040404040404041434546464646464545454443424243445566666777888888887766555554443333233334
7223273634324533427590525667045552613654222161635363451438730133464246461224756323577737485948565795365359544677877774482246898762626862616185642577786860334715010511111511506453602084678458865656864535585754788253544766576754888883884766355554433333233334
7232314040405152536464646565656566676869696867555454544545454544433130202224161718171524333342515060606060606070707273747473737372727272717171727467584838372726162523313040506060707071737566666666666565656463626263646566666777888888887766555554443333233334
7242414352555364656265809062616365656662645615331224544145434349340524261514120705056716484898533764957366747737788776421246898785821487818183810462583833072713101521210043506710707071837258762666663595656468648263645566566773888835887766555554443333233334
7242474040505164636464646565656566666866666765575454565545444448454236362124676434678724334342596060606078707070718483848483848382828284817171727466586868644716061523313020506370707172737576767676766565656463626263646566666777888888887766555554443333333334
7232344445455158681063656260656165432455525153545251653468830133568515274632352727243436489458586769643376748777888888421246898783828578117134756566670841403735361540415316607573818184838378767673758575785478724273745376757773788888873665555553444333333344
7332323242425253535454545454545455565859595857566565657474747473736262625355474848474655545463626160606070707081828394959594938282827271616161626466676757575757565554626160717182828283848585858585858585848383828283848586868777777777776665555555444443334445
7333383335414356545455525422545555565652123753676472268586838488828276767164666435788864686869696762646281737788889987421246898784717165616164636360666760631720071643626641818283838374878285858588848444848583526283848586838687777777763665555555544444444555
7424343231444444545453045553515351555652545635631234758383939395934383837476766965686764966767543268926274727274839492939892949286718367616153540460661661077777777674738283828384848484848863843484648484836382858283848586368686767663666555555535555555555566
7424353235464556545462535154535354534443424158546363757488830134838677777868646667636164686669696764636261637778898986421246898875716465515153525357556566676764676776737278738584862685858488848484838383838382828283848686868686767565555555555555555555556667
7425253747435764666275636666025243424621373743474454561332636469656266666063665445799858585157585458535355534363847262686266686250504541414141304542454511455728042756848357646866676766667674837373837373737272737273744676777636653565555555555555556666666677
7527263745586764748385837277625248453627272726263635353333313134363746474848585658525057484949494744434141434748494946421136898835302026212124222321242420363830383730343343444657585857555453536363636363626262626263646667676665656454545555555555566666677778
7516273842566672849690948573632645322626171714161616151613105012121529365737474947494947498636323536343435248424252328297527141210101016110111021713141415141819191815252724353538386837364443435356525252525252524253543657575654545454545455554555666677777788
7518223043556485919590959085655146362613123516131234050408030134011257262037364445799846383338362767936128232718191916171136898806000606510103020600041401040803082867958668252925393935368638434247425252584358583253545357545652545453545455455555666677777788
7526273849596374858285808272615243342614171713361615150306000008161525263746494949494849494788323534343438342424252822151917151210100503013202020307041415161819161826252422353638393937864448434342425252525253525253545657575655545434545455555555666677777788
7538474845585753656465636357424238242627272717161616141314111114172736374857586668626059585959595753535151434748494946323136888824211115020204030312142421363831384841454444455657585857565453434343434343424242424243444647474645445454545455656565666666667778
7555515758484742353434343333322323242627272624282424262426232429243246565163767475799878787777727473737372736363646266676766545342322216130303031614253545555768686764958565757477787777746463535342433333333232323233353637373645444353546465656565655555566677
7478746456473625151515151215131325262525222125242433353438333134354757676877838688828089888689898783828186838788898986818185787754433423140403041723354556677783868787868588858585878785857567645444343434363332323233353637373735444353546465767676655555555566
7484756554463616160605050505121313252622242526343234343433333335454556667685869595959596969497949498935393939394939498949584857565443325151503151522365663778798939797969698969696969696858577645444343424244326222223252728283735344353536465767676655454444456
7488706357443622190505030505131625222633323635373431373938444449465256667184869495999895979586818687828285848788888986818185777663463020161603141326364661768786838788868665868683858583867564655547353535343333373233353738353735444252636476767676756353433445
7373736354443425160707071616152526363637373635444343434445454555555666667584838383838383847473737363636373737373727282828283756657473727171707171727374757676777777777777777767675747475756565565645453535353433323234353738383745435262637476878786747362524334
7337327436046269645036663245654262553445435151644623554358830134678667267784844665536226562778887682222221246788888875310124566584683480883834835675770775783773785772777378768756444474455565666665766666685433325234567389998765432222234456777766543221111234
7333322252327344678848883577266626661777566625774353677467644478843346453224665445799822325242544232422225222252324650506042453749497983695949485558576787856737273774978867776454434334445666466664666646655543325234567889998765432222234456777776543211011223
7335225614234734267223658025932452683622546555740235636462361756790606754779887745543656665676482566916222346788887775310123444464092094197984900884378775776776386746773868474963437333854677365666467626654446332234565889998766436212234456777776543210001123
7333322222223345677888888777776667777777776654432222234456667766666665555443221111111122222222222222222222222222221110000012346789999999999999988888777777777777677777778888776554433334455566666666666666665443322234567889998765432212233456777766543211011223
7333642352562056525590802632546522356654123214352843564088831245803447654234645435799734357783682482112238356718877864210012333337290681681807415667777784276643284673978768578846445384563553866667865757655343353234496388588725432177223455667665543211111233
7333333226615345065750355623236655223772374653638363238646377729356546658445338289226223221876228229522275228242521345006512430749096884177737766677772774267666765668778847764525446434445255558563677777665543324233454778867665432111223345566655443322222234
7332332332331341552662662662552562662772772662442332342552672772664545347668777886654443443452662421112233456788776664210011222288998878668667666666665665665555555665675774763653542443444445446556677777766543322233455677777654322111122334455554443333333334
7333742735543426917464235554135422351533645541840235681648754573235575455345665434799757734576582253926268022274815751666356350703491481157444462775769686886545334577968364466755554574874474735456374828774545525233455566576576321111116233544444444444444444
7441341431752681442048463266453253513445141344553123464217745355604445436568746825763446836348552322011287456788166654215001111186196161436316375752666664387443735456565668668556554554443323225344575886856543924223344755655478221106111222234333344445555444
7444443333333333333333333344444445566777777766655555555667777776654433333445566777665544333332222111111111111111111111111123456789998765322222233445555555544443334445556666666666666655433221112345678898876543322223334445554432211000011111122222344556665554
7440731151432315422253034535745533356564123738665795586456767676767555644446685434798641837331592328903349456787766654200300011135791787624184476873758583886343334478858663462852668662482313713236673953873543355222323444744331110004000001111122344566666655
7444444443333333222222222333333444566778887776665555566677777776654333233445678888876654333332222111111111111111111111111223456789998764321000112334555555444333333344455555666666677665432110001234678999887644322222333344443322110000000000000012345567776655
7440450444268352690524656191336655123536542543840135664227742366276346639589863869366341738686551358907385458787366554210000000034890364128054078535359576653333768348454356468376773744833563705232473932854655686222337533473344116004001000400014245667777665
7444834463536337522171223533333334533777387754667243889588875677756664545555665334798654635352255121512155215131414331413243333749497774624040315574756585867353334367756555666756677665172110601235678949887444324222343334443322110000000000000012345567776655
7551441332333323223114225236336446556675775765655555556676776776655434334564674883763542332332553324015345456787766553200000011184994764324103013333553553543433333443453553553663663663433213014244674993883642322222333444444332211111111111111112344566766655
7555444333330734266265713223942454654622577613455443756644780876654428835457873868777743326282273232828257224212523420222233454738081666737171146348566686357444687442558563555555557555333725323345785999888546262222333445754433222111111111111222344556666554
7652733564624619525590245543242236335564123420574304661147742467744764945663695324798647232828516386116358552707666054210001111155085662536285365268763685887555484555555748648366555434353513537455386955864643427223376555715514332211222022522233374455555544
7665545242226121615112115233344442038533645546940135347677888875666514746596956767261443718291531453947474445444543435376336753765886667748355332356579786574666836635548444444484446454644457445567589959987543221122341566666505443333333333333333444444444443
7764544225116116106006116236446446445555554444333223342561880881772654556566676887757448338338558438128348557666666654210011222275886767547337346556786886776776776666546446446337337337447458559679888997985544213124345667776665554444444444444444444433333333
7776443236452105305040551393232655123444244382723212499349386727366744649666665364798532805026258568571764577726660072130724326758487765253454388667786883858858484744343345634482223223647466463775892969987543215122343677477774652545555455557555443333333333
7874574215506006006056016636446546455445554544574423662136643578873664866666677877657438338338558438238447557555666654210012333375377767657537557577896996956996586776547348338326115124343663778888998997985544213124345676888777666666666666666665543322222222
7887643210000000000000011234455554444333333322211111224567899999887766666666666666654321000001345678888888888888776655444445566777777766655555566788999999999999998876544333322211111112345677888889999999986543211112356788888887776666666666666665543322122222
7883264155345420916405655125642515426575323543940135194424887774494886943669665394798548139298591557937407556436066164211123454406877259658596363966699946887967584833343647426255112125535445485886695974918541714112304785137804776666366767575665533221111222
7887543210000000000000012234455554444333333322211111234567899998887776666666666666554321000001345678888888888888877655444445566777777766655555566788999999999999999876543333322221111122345678888889999999876543211122356788888887776666666666677665543221111222
7873573214625205005045475225541245436432468568588427367136653588886776866666628787648538231748558557446556556336456661210124566578778768658578588888994988265998648878548327337726225235474274882886682992821540216121452274846876766666664666666665443221111222
7776163210352691214313246243243434443424441335534253692659887777687764845667665364798521206831276615788846680838170161051515631757574456453565365663696987557868424734343743533453324354346675574777788888766743125223433677377754666656666566664655433221211222
7663433154675335690365615595235651123457448409448421445256486836484748679776237777548229238389548551851552543306456064310135677678772268358468538578998925458888733765548557335454443474353572872772777741666544354331451664116666666665666666655554433211111223
7655436440005051125226331344645422055533344546943235557667777774878707678797966686256341808791538643877744773774073775644665776785777668848456458775598965564777354735543333544735555585566645767666565555556444147444454566666666666555455555552554432211111223
7542054515406637266280334214533554564525023656586416776026654689475765345675875324798626336346575664064664544224351765310135788636676756746437377468697957847667564637343343345235665665386836664654253472441340421451552554156556554556555555555444332111111223
7443321100000112334444444444444444455556666666777777777766666666777888888877777776654321000001234566777777777777777777888887777777776655443333445678999998876566666655444333445567778777776666665554443333334445555555555554445555555555555544444443322111011233
7332224106008128348556544443442442452562662772882883883774664664674884883883773773533123233342562662661661541211352762310136898773774654444335345675996996876656666556445335445675885885775666556546335224232451660661552444446447556556555444444433322110001234
7332021120002123345545555444633464455666567768886999788867785877477733235777775323798621300041235556566656665636570748093918386737673655333333345668697988877666564535343344355638993998277625552443222212232455566666555444344444445555544444443333221110001234
7332224406169269349426654152541241151540240430940245772023654689643823682879872722231051831888440630675660540110350760310136898772362753733373364874595964735665685545445385655395995966297647957447427115204451680661552644336445446555545444433333221110001234
7332221151421123543555157585235553123666867745895989686666556544578838688884783782652321809017237556560640661606667774898688633787878653333363388378898942356666863553446453457538995998874753153443324102221455624666556443633444445553554444444323221110001234
7333324746327607547255253542231551351581023741691942683575785885555654934774774323698622632662552671670640540211151762312146898753674554544384374664684984344664534534343545755565885865366836156446325244233452264652553444365455455554554443143443322111111234
7332222222222233344454444433333333455666667778899999987765544445566778887777666655554332211112233445555555555555556677788887777777776665444333445667788887776655555655544444455667777777665544444433332222334455666666554433333444455555555555554444332221112234
7335315224233333343433442432222232442562462642582444775027657689557677377767657526436226336345554662671660541222454775316246898777477667547446445364773773633553453563554454555656666666555446533333333343344554665664554434333343453553552552551552433322222334
7223432454446456912465516322525213474553449406451346085665674886374578637778886313698653137783350323333326331313043466057614778724673857658487325564663684557565534535353542959355555424745841137333434414433554166635543533643354555525666666366665544333233334
7227335443551440430331331222112122343563663773894995887548329229349569669559449339339228338448555663771650541323466778329249898779779769558447455553553553553443443553663554555446337336325223221230441443555556667666545333332341551661661660770761552443333344
7223344555655544433322222211111112344566667778889999876543211122334555665544433323333444455544332211111111111111122334455555666777777776655555555444444444444444444455666665554433222222211111112233445555555566666655544333333344556666666777777777665544444444
7227405353851330680561572652543253123483023684584425267638659689639438638778888318698738848677466563071630541303566878328248898778388858568546385863743383833453563443363644656627117127335623611221751603655566567646445333552341551641661771881881762553444444
7223445667776643366222211111802052535526663775887990875578107011323475655444822222223845565655446150002005005000316223376445566738887873666535557443336337533333345445566696554321004000000500204223451666665666656555445332223344551666677788888887766555554444
7226445573751691431322653263104014214555245425855356077748108008267446356445526106227467847167345513171511441442164875426246896776686476666555564444434324534334854454564965457768008078006025004123453654634665355555444533222342552663673784884884774654554444
7233345647625254532253555522303165238562868788687949675582476999682462127788997313688745765565436106600014001030601387348245885787888744863565338465837373733354535442454656254521001030000205002224256666666666455555445333523314556666671778888887776655555444
7333425667476654433352222611115112354556466754588544663136654589253444444434322252223645556544344567376544445555678876432347898777475774664646556446334335353443647459556542652325117005041111511235456656666555554554444333333445566666677777778777766555555444
7344455666666655444333333322222223344555566677888998876543322222333444444433322222233445666655432100000000000000011234455555566667777666666666554443322233344445555555555555555432211111111111122234556666666555444444444444444455566666666667777766666555555544
7445355245655525554453444433438562357486024687787388677664476995664361127888896312688755655653335477686563446666778886432357898786468436862686358464826273545555575559546474255123321242062203322343556636666444534354445455655566666666666666655555555555555544
7555551425152555255613556585232557123564341425852467774665759566646434948343552298235464867254330106001082004073512358659664566674958567568637653434322274472566355663446375341544434343037304230445466676645444333333441356166626666604666555744444555555555544
7666655542685269642465422656551251442465348511488504654446643589563488732331223286338856160553233440186530345617788886532357898755654255565675656838215225533673936655432262232465547435281341844451663636665335265223435167377776776628665544333333445555555554
7776355464448456777858873776266635553433334435674888588757774999464341124889496312688755266625432110200030003000323446785877563564346535662666356472615163455758585765637181523456653555055505552556566666656432511142344678688877777766655433222223344556665554
7877665443334456778899888877777766554433333445667777888888888887665433333333333333334455666543222468886533346777888886533357898744444455566676655432111123456789998765321000123456666666666655555666666676654322100012346788998888777776655432111112334556665554
7887665433333456789999999888777776654332223345667777788889999988765433333333333333344455666655432110000000000000123467889988765443334445566777655432111122456789998765321000112345677777666666666666666776654321000012346789999988777776654322100011234556666554
7987343463569706915551652231386514430486024414752677455496643589257367822889186312688765066403360401181504342777888826563357898744735624468737375673512154355853555765727481711473674714174304662666763756644325551032353189639911878773554321400011254556666554
7987765433333456789999999888877776654333233345667777788899999998765433333333333333344455566655432110000000000001123467889987765443333445566676654432111123456789998764321000012345677777766666666666666666654321100012356789999988877776654321100011234556666554
7887765416333433670299985883236567123423634446662774789848693965767433638332733386346156554542203464881534348777887886533357898773338347556646653532212235786789696762322073014435671746665165665666666636555324423122451789989986875776654432111112334556666554
7887465453336456677848882777277616651444144425664777688869995999563351124889496232688745155504430222211131114112434456775777563544344434452545354473425254455758685764627080512355674766366636663666455555544332322223453889599978877777565433212122345566666655
7887735542514455664757273556551263585555955547677665554956643588778543832339484486447645540440263461786438346787888886533857888744845448444481433646335343353772283657323000010020661763566466666555455454454543324344567199299987877774665543322253445666666655
7887765554446555566666666665555555554685243414753587774889996998767544448444548424347454546464330323332333337333347456566664556554556447438337335444443474568777976654213000416385667666656566666555443424442444446555679899999988877777766554433344456667776655
7888666435551555155516552555255522343486324747776277878889998996863281628888896282587743333203331437476476348777888887548456787655453544332232333477355546366657746555515060112715664656665564655545333323342255161617781899399958875777566655545455666677777665
7888776655552691442565323464144445563763281726674777277843997996873558242456458585541433033213346415455575554525352846446444555556655244323151275444664626568666678548216502112335663616455556555544635222234452773778888999899934887747776666554556667777777665
7888746666755557443343333333443445547788488885777756445556643588846655555555555545554333223223334567476434345657788687543456676666765547221161121556674777743662453444212020110040560663666556655445322141234567887888979999599983887757777766666666677777877765
7888677636250554035313552531335438123889499853677747975699599964857282538888886282577636320212341562461685668686855384338833774556763554313030353786375845256665736461313055113415564656664665555443324111221563162919991999399944885777572757766677677778887765
7888774666625254435326651223337345568892247414753688876389996991888659551559547645556443326063340533664472348677788888544445666564368547217076035454784885876655911451216200513285566666666565556442425111122566196999998999967985887777775777777777777788887765
7887776666665554433322233333333344567889999888777777778889999998876655555555555665554433222223345566666666666666655443333333445666666543211000123456788887766655555433211000122345566666665555555443221111224567899999999999999888887777777777777777777788887765
7777746564955269335542233155561242304486024882777346445366642588722222136881885202456545320331405555065438345627788387654445555566566865523151437593885824274562736437121442122042562653665555655545425131264167861999988588388880777725777677776777777778877765
7776666555555444333222223333333334556677777777777777777788888877665544444445556666655444333334455566666666666666655443332333445666666554332222234567888887766554444433222212223445666666555544445544332222234567889998888887777777776666666666666667777777777766
7666555544444443333222222333333334455666666777777777777777777776654433333445556666665554444444555666665432345667788887654444444466666655443333445677888887765544444333332222334455666666554444444454433323345567888888877776666666666666666666666666777777777766
7555544444447336815222223223635303546525146403654698775738665665246162236888775201344445254575440646865668666666358443367232447554667366456425455795896967264463736333031334543516666666555453235444346313443667836887774655546515555555555666466666677777777766
7444443352533334661232225223232468113444244556673764439666646588868222528335556637666167460663635667552485348667788688654444333476468663566646673588996967752432433334447442455465667664443633424343551424558361876777664544414445444444556756667667667777777766
7333333322222222222222222222222222333333334455677777776655544444332211112234556666677777777777766666666666666666554433322233445566666777777777788889999988765432222333445555555666666665543322222334565555556667777776654433333333444444445555666666666777777766
7333222422685602222565236541324220394486135335764647575492447337262128846887714201233377081417735671754368344636888887655543333366765774583838456982895928753352745234151136666636663665533524515236154666668462583766553732162253333357444555766666666777777766
7222222222222222222222222222222222222222222345667888776554333332221100001123456677777788888888776666555555555555554433322233445566667778889999999999999998754322112234456666666666677665443211111233456666666667777766543322222222333333344455566666666677777666
7222255215169220225216651256563324230221442407654698433966649588291109901129480666670136181874460657956339343696784887655543323364265772895934995596997998457321104241450656563736775635522241113221256606664267794665550521513226237363336855558666676677777666
7222222211112222222222222222222222222222222345567787776544333322211123346887664100122288888888776665555555555555554433322233445566667778683929395979794928152342524234353646666666666665443211111233456666666667777766543322112222233333344455555566666667776666
7222222221112222222222222222222222222222223345567777766544333322211110011233456677777778888887766655554332345666788887655543323366666677888888888999999887654322222334556666666666666655443222122234556666666677777766543322122222333344444455555555666666666666
7222222252222222533333334333335489114333733445566777665563321262829121518234456656777777673775667558553586558555844333228223644585565667577858886888881726654333023343555636666465554554544332226344556666666777675766545322222253344444444555555555555666666655
7111151622122681336532333453134333354376545447566486635736646588262213756887614150111166661166645524644376345666588687654543343355455564663747384757568616661422413443555546666556444454422441244453868646667477874776544522422274445557555554445445565555655554
7111114122223223332444442444442444442444445403657698557432227222226222226334553666660646263575456454946444447444435332223222333445443555555664656555555557543444444455555666554434333333542455551556364626674777775776554322226334557666667554446444444555555444
7011111122222233444444444444444444555555555555555555443332211112222223333344556666666555555544444443333332345666788887655543323334444444444454444444444444444455555555566666554433222223445566666666666666777777788776654332223344566777766554433334444444444433
7000111122502333445555356541358554556666766675544464534882117112228333956877664100001154147444436338833363334383833222228322263333633335333454263343431303440515152544666656554452215142345273677777172777777777547877653332523365677887776554333373333444443332
7000111126222368464255555554670355466637772664544446335678642588223384845440556664653146330337373386337333347666785887655543323333333335933363324222227221314565662661665634545325105143341781188888875777768775851877657533233456677888876554332233333333333322
7000011122225234455665135525555566668774176645846333832221118119272348447455553636656443133653338222722288228242222523228222227222325222225282262211111112542566826666666555543361005022246786996883778797777784587877653433773456778979877654322222333333333221
7000014482250345621662553265253409514376256464659698329661118165128379558877624100000143034486428258926236348686486887643543323355223425425264227135314165471506044656767655444351001032461372691986673747754587175887656633346478787996587654627222235333333221
7000011222222334455666666665555566667777777665544333332221111111223344444555556666555443333333332222222222222222222222222222222222222222222222222111111112344566666666666555543321000012356789999988777767777778888877654433333456788999877654322222233333333221
7000112222223344555666666655555556666667776655544333335777642488233444445555555555555444333333333333333333345666788887655543323333333333222222222222211222345566665663654555545324113122451781999988776666667777778776655433334456778888876554332233333333333322
7011122233333444556666666555555555556666666555444444433332222223334455556776653100011144444443333333333333333333333333333333333444444333332222223242422213141516162645656555444332222223457889999887766656666667777766655444344456677888776554333333333444444333
7111223333344445556666665555555555555555555555444444444443333334445555555555544444444444444444444444444444445666788887655543323355554444333333333333333344445555555555554444444443333344567899999887665555555566666666555444444556667777766554433333444444444444
7222233444444455556666665555555544444444444414654698555444444445555666666555444333444445556585552464946444444444444444444445555566669555432334337444450553555555555554444444444434445555678879998877655454444555555555555555555555666666665554444444444555555555
7223334347955605563522665641370344441276257345455935554787742488666666862776634100111156562868585584355578554656588884635543323377576455443373336153564623142525263443545545445154663613791891898874443303354443736455557755655576566637553554544444435555666666
7333444525555556166666652554444439124222622334458666666686666666879717477654432202233455666666668658554585557555355566663666677738883765744353445566677726655544644445333353344316771778188999995876547353335333546444457566666675555555655554443455555666666667
7334445556666666666666655554444443322211111233455666666777777777777777777654332212233456677777666666666666666666788887655543323388888776544433445667788877665544444333333333345567888888999999998875433222222233333334455666666665555444444455555555566666777777
7444455666666666666666655554444433322110011223456666677777888888888888877666664100122256677777776666666666666666666666777777788899998876554434455677685847464444434343333233345678899999999999998765432212222222333334455666766665544444444455555555666677777788
7444555666689666666665131254444430221110006144953697677378741488881888880653302111220456177787572663966668665656788387655543323399995875657444477674881883161443363336335225346136996995293853993765431251124225273333456667676667542462444455555555666677777788
7444555666666671664266655554145443326140014228456666775738886888888888174654122111221456775777777636666666667666563667774777785899998677554474451677883847165444336334335222345678993989999999698764136211222222374334455666766636545444444445552555666677777788
7444455666666666666666655555444444332266368234456666777778888888888887777656664101233256777777777776666666666666788887655543333388888776544333445667887867666564635333232323345678899999999999798766432232222633336344455666666655544444444444444455566667777788
7344455566666666666666655555555554433222122334556666777788888888888777777655433222334566777777777777777777777777776666666666777777777665443333345567788887665544444433333333445678899999999999988765432222222333444444555666666555544444444444444444555666667778
7334445561666666642555555563680358124332223349556663778788841488888717376660443331445167788888777778775774775777778883655544333466662657733242331067780875665544445445444441456277881887885384888761435222257346557555557766635557544444443443333336455566666777
7334445556066655525525556651363606554443734445653697574888899988187777766665664111354367789888683767976777774737377666542555555555655546821242234554774764666574545434141424556667881868788434580765533262234445668666656555765574444444444333126333444555566677
7333445555555555555555556667777776665544444555666666777888999998887766666666555555566677888888888888888888888888777776655544434444444433221111223456677776665554444445555555556677778888888888887765443322334556677776665555555554444444443332222222334455555667
7333444555555555555555566677788887766655555556666666777889999998887766666666666666667778888888888888888888888888877665544444444333333322211111123455677766665554445555555555666677777777777888887765443333344567778877666554444444444554443322111112233445555566
7333344555555255555513566728888888777666378666666666877889841488877666666666661201466488888788888888488856888888877773655554444522622221110060122342666666664565655535161126666667778757775775777665443373345767787887766554254444445553445321110111223444445566
7233344555555555555555566778899988877766666666666666777889999999877666566666677777777888888888888888888888888888877655444443332222221111100000112345666666655555555555666666666667777777777777777665443333345678899988766544444444455555443221100001223344445556
7233344455505555555555361378899994887776666696653696777789999999878666550661607777778888888888683868886888888838877666555355555622117111000000111344666665655555555552664666666026777777777457772665445363445678879988763544644444455552443221000071123344444556
7233344555550555555555133778899988135766666646869666777889998998871616253666674202577588288888888888885884883858877355443443332222227111604040111345666666556565534535161636666486663667477777775665447333447677896988767544244444443525443221007001123344444556
7233344555655555554444556677880388777666666666666666667788841488776655555556666666777778882888888888888888888888877655555555556622222211100000112345663666645555555556666666666666665665675775777665544333445677885887765644444444444444443221100011223344445556
7223345566666655544444455566777777766666666666665556666777778777665554444555555666666677777777777888888888888888776655444444433333332221110000112345666666655554455556666777766665555556666777777665544434445667778777665544444444444444433221100011223444455556
7223445666766605444233444551366666666665479555555555554687666666554444434444145202588566666667787787777777774777363655555556666744433326110010112345666646655554544526161731766655544445566672577665654464445766677766653544444434335333333221711112233445555566
7223445677777665443333333444444445555555555555543696445555555555443333333333344444444555566666663657775777777777666555544444444444444332210000110344667665655544444556677777766554433344556677776666755484455555566655555544444443333222222222111112234455555566
7223456678887765443222223333333333444455555544444444444444441388332222222222233333333444555555556666666666666666666555555556667755555433210000112345666666655444444556677887766543322233455665777666555555555555555555555555544443322222222222211122334455555566
7123456788888765433222222222222222333444444444433333333333333222222111111111222202698633444444555556666666666666555555555555556666665543211000112345667666655444443526071848776543221123345667777666655555554444444444444455554433221111111222222222344555556666
7123456789998762432211111111115111235344444448333333328222227211111110101111111111122233336334445555555554553555555555554566777877776545211040115345665666655444441553778888776732114112345567777664667555554443336333445455554431211100117122227223344556666666
7123456789998865432111111100000001123344444433333222222211111111100000000000001111111222333333444455555555555555555555555555666777776654321000112345667766555444344556778888775432100011234566777666666655554433322233344455554432211000001112222223344556666666
7123456899999865432113111300000301522334479433332696222111111388000050000001000002698622233338344445554553555555555555545566777877777654421000112347665764525443343416071848875432100012235466776666766685555633227223344355524436210007001112722223344556666666
7123456789998765432111111100000001123344444433333222222211111111100000000000011111111222333333444455555555555555555555555555666777776654321000122345666666554443334456778888775432100011234566777666666665554433222223344455554433211000001112222223344556666666
7223456788888765432111131110000011223444444444833333332222211111110003000001111111222233333384444445555555555555555355555566777867766554322111123345666665554433324456678888765432111112545567777666666666554437322233344555555433211070111122222223344555555666
7333456677777654332211111111311111233455555554444444433383222222211000000011122222698634444444444444444444444444355555555555666666665544322242223345555555444333333425171747765433211122345667777766766666555443322233344555555463221111112222333333334455555555
7344455566666544322222111111111112334556666555555555544444433388221100000112233334444445555555544444444444444444445555566666667755555444333323333444555544443332223345567777765543322233446666777776666666655443332233444556665544322211222233333333334445555555
7444444555544443322222222222111223346566666666666695655555555444322110000122344555555566666665554444344444443444444555666665555444444444444444447444443443333222222334566677665544335334456677777777666676656443333333443566666554332222223334444443333444444455
7555544433333332222222222222222223455677779777777777776666666655432110001123455666698677777776655443333333333333444556666665556733333334444555444443333333322221112234252646665554444445566777777777766666655443335333445566666554433333333444444444433334444444
7666543322222222222222222222222334456778888888888888877777777765543210001234566777777788888877655433333333333333344556666665543322222334455565554443332222221111111233455566555555555555666777777777777666665544333334455666666655444333344445555554443333333444
7776543211111111222222222333333334566788888888888888888888888877543210001234567888888888888887665433333333333333344556677765555621111234456666655433222222111111111223445555555555555556667777887777777776665544333334455667776665544444444555555555443333333344
7876543210000011122222233333333344567789999999999999999998888887543210011235678999998699999988765433333333333333334556677765543211011234566777665433221111111100001123343545555556666666677778888777777777665544333334455667777665554444445555666655544332233334
7876543110000011122222233333333344567889999999999995999999999887643211011235678999999999999988765433224222222223334556677765544510001234566777765433211112111000001122344555555556666666677788888777777777666544333334456677777665554444445555666655544332223334
7876543110000011122222333333333344567889999999999999999999998887643211011235678999999999999988765433333333333333334556777766543211011234566777665433221111111100001123344555555556666666677778887777777777665544333334456677777666554444455555666655544333233334
7876543210000011222333333333344445567889999999888888888888888877643211011234678888888688888887665433333333333333344566777776543411111234556676665433221111111111111223344445555555566666667777777777777776665543333334456677777766555544555556666655544333333334
7776543210000111223333333344444445667888998888888878888888888876543211011234567888888888888877655433333333333333345566777776544322122234456666655433222222222222222233344444455555555556666677777777777666665443322233456677777776655555555556666665544433333344
7776543210001112233333344444444555667888888887777666777777888876543211011234566777777777777776655443333333333333445667788877654332223334455565554433222222222333333333444444444455555555556666666666666666655433222223456678888777666555556666666665554443333444
7766543211111122333444444455555556677788888877666555666677777776543211111223455666666666666665554444444444444444455677888887665443333444445555544333222222333344444444444444444444444445555555555666666666654432211123456778888877766666666666666665554444444444
